5
5 4
1 1 1 1 1
1 0 0 0 1
1 0 X 0 1
1 1 0 1 1
3 4
1 1 1
1 X 1
1 0 1
1 1 1
12 12
1 1 1 1 1 1 1 1 1 1 1 1
1 0 0 1 0 1 0 0 0 0 0 1
1 0 0 0 0 0 0 0 0 0 0 1
1 0 0 1 0 1 0 0 0 0 0 0
1 0 0 1 X 1 0 1 1 0 1 1
1 0 0 1 0 1 0 0 0 0 0 1
1 0 0 0 0 1 0 0 0 0 0 1
1 1 1 0 1 0 1 1 1 0 1 1
1 0 0 0 1 0 0 0 0 0 0 1
1 0 0 0 1 0 0 0 0 0 0 1
1 0 0 0 1 0 0 0 0 0 0 1
1 1 1 1 1 1 1 1 1 1 1 1
15 15
1 1 1 1 1 1 1 1 1 0 1 1 0 1 1
1 0 0 0 0 0 0 1 1 0 1 1 0 1 1
1 0 0 0 0 0 0 0 0 0 0 0 0 0 1
1 0 1 0 0 1 1 1 1 0 1 1 0 0 1
1 0 1 0 0 1 0 0 0 0 0 0 1 0 1
1 0 1 0 0 0 1 0 X 0 0 1 0 0 1
1 0 1 1 1 0 1 0 1 0 1 0 0 0 1
1 0 1 0 0 0 0 1 0 1 0 0 0 1 1
1 0 1 0 0 0 0 0 0 0 0 1 0 1 1
1 0 0 0 0 0 0 0 0 0 1 0 0 0 1
1 1 1 1 0 1 0 0 0 0 0 0 0 0 1
1 0 0 0 0 0 1 0 0 1 1 1 0 0 1
1 1 1 1 1 1 0 0 0 0 0 0 0 0 1
1 0 0 0 0 0 0 0 0 0 1 0 1 0 0
1 1 1 1 1 1 1 1 1 1 1 1 1 1 1
20 20
1 1 1 1 1 1 1 1 1 1 1 1 1 1 1 1 1 1 1 1
1 X 1 0 0 0 0 0 0 0 0 0 0 0 0 0 0 0 0 1
1 0 1 0 1 1 1 1 0 1 1 1 1 1 1 1 1 1 0 1
1 0 1 0 1 1 1 1 0 1 1 1 1 1 1 1 1 1 0 1
1 0 0 0 0 0 0 0 0 0 0 0 0 0 1 1 1 1 0 1
1 1 1 1 1 1 1 1 1 1 1 1 1 1 1 1 1 1 0 1
1 1 1 0 0 0 0 0 0 0 0 0 0 0 0 0 0 0 0 1
1 1 1 0 1 1 1 1 1 1 1 1 1 1 1 1 1 1 1 1
1 1 1 0 0 0 0 0 0 0 0 0 0 0 0 0 0 0 1 1
1 1 1 0 1 1 1 1 1 1 1 1 1 1 1 1 1 0 1 1
1 1 1 0 0 0 0 0 0 0 0 0 0 0 0 0 0 0 1 1
1 1 1 1 0 1 1 1 1 1 1 0 1 1 1 1 1 1 1 1
1 1 1 1 0 1 1 1 1 1 1 0 1 1 1 1 1 1 1 1
1 0 0 0 0 1 1 1 1 1 1 0 0 0 0 0 0 0 0 1
1 1 1 1 1 1 1 1 1 1 1 1 1 1 1 1 1 1 0 1
1 0 0 0 0 0 0 0 0 0 0 0 0 0 0 0 0 0 0 1
1 0 0 0 0 0 0 0 0 0 1 0 0 0 0 0 1 1 1 1
1 0 0 0 0 0 0 0 0 0 1 0 0 0 0 0 1 1 1 1
1 1 0 0 0 0 0 0 0 0 1 0 0 0 0 0 0 0 0 0
1 1 1 1 1 1 1 1 1 1 1 1 1 1 1 1 1 1 1 1
